20 20
8.9383 3.0886 9.2777 3.6915 4.7793 3.8335 8.5386 6.0492 1.6649 4.1421 0.2362 9.0027 6.869 2.0059 9.7763 1.3926 8.054 8.3426 8.9172 5.5736 
8.9383 3.0886 9.2777 3.6915 4.7793 3.8335 8.5386 6.0492 1.6649 4.1421 0.2362 9.0027 6.869 2.0059 9.7763 1.3926 8.054 8.3426 8.9172 5.5736 
8.9383 3.0886 9.2777 3.6915 4.7793 3.8335 8.5386 6.0492 1.6649 4.1421 0.2362 9.0027 6.869 2.0059 9.7763 1.3926 8.054 8.3426 8.9172 5.5736 
8.9383 3.0886 9.2777 3.6915 4.7793 3.8335 8.5386 6.0492 1.6649 4.1421 0.2362 9.0027 6.869 2.0059 9.7763 1.3926 8.054 8.3426 8.9172 5.5736 
8.9383 3.0886 9.2777 3.6915 4.7793 3.8335 8.5386 6.0492 1.6649 4.1421 0.2362 9.0027 6.869 2.0059 9.7763 1.3926 8.054 8.3426 8.9172 5.5736 
8.9383 3.0886 9.2777 3.6915 4.7793 3.8335 8.5386 6.0492 1.6649 4.1421 0.2362 9.0027 6.869 2.0059 9.7763 1.3926 8.054 8.3426 8.9172 5.5736 
8.9383 3.0886 9.2777 3.6915 4.7793 3.8335 8.5386 6.0492 1.6649 4.1421 0.2362 9.0027 6.869 2.0059 9.7763 1.3926 8.054 8.3426 8.9172 5.5736 
8.9383 3.0886 9.2777 3.6915 4.7793 3.8335 8.5386 6.0492 1.6649 4.1421 0.2362 9.0027 6.869 2.0059 9.7763 1.3926 8.054 8.3426 8.9172 5.5736 
8.9383 3.0886 9.2777 3.6915 4.7793 3.8335 8.5386 6.0492 1.6649 4.1421 0.2362 9.0027 6.869 2.0059 9.7763 1.3926 8.054 8.3426 8.9172 5.5736 
8.9383 3.0886 9.2777 3.6915 4.7793 3.8335 8.5386 6.0492 1.6649 4.1421 0.2362 9.0027 6.869 2.0059 9.7763 1.3926 8.054 8.3426 8.9172 5.5736 
8.9383 3.0886 9.2777 3.6915 4.7793 3.8335 8.5386 6.0492 1.6649 4.1421 0.2362 9.0027 6.869 2.0059 9.7763 1.3926 8.054 8.3426 8.9172 5.5736 
8.9383 3.0886 9.2777 3.6915 4.7793 3.8335 8.5386 6.0492 1.6649 4.1421 0.2362 9.0027 6.869 2.0059 9.7763 1.3926 8.054 8.3426 8.9172 5.5736 
8.9383 3.0886 9.2777 3.6915 4.7793 3.8335 8.5386 6.0492 1.6649 4.1421 0.2362 9.0027 6.869 2.0059 9.7763 1.3926 8.054 8.3426 8.9172 5.5736 
8.9383 3.0886 9.2777 3.6915 4.7793 3.8335 8.5386 6.0492 1.6649 4.1421 0.2362 9.0027 6.869 2.0059 9.7763 1.3926 8.054 8.3426 8.9172 5.5736 
8.9383 3.0886 9.2777 3.6915 4.7793 3.8335 8.5386 6.0492 1.6649 4.1421 0.2362 9.0027 6.869 2.0059 9.7763 1.3926 8.054 8.3426 8.9172 5.5736 
8.9383 3.0886 9.2777 3.6915 4.7793 3.8335 8.5386 6.0492 1.6649 4.1421 0.2362 9.0027 6.869 2.0059 9.7763 1.3926 8.054 8.3426 8.9172 5.5736 
8.9383 3.0886 9.2777 3.6915 4.7793 3.8335 8.5386 6.0492 1.6649 4.1421 0.2362 9.0027 6.869 2.0059 9.7763 1.3926 8.054 8.3426 8.9172 5.5736 
8.9383 3.0886 9.2777 3.6915 4.7793 3.8335 8.5386 6.0492 1.6649 4.1421 0.2362 9.0027 6.869 2.0059 9.7763 1.3926 8.054 8.3426 8.9172 5.5736 
8.9383 3.0886 9.2777 3.6915 4.7793 3.8335 8.5386 6.0492 1.6649 4.1421 0.2362 9.0027 6.869 2.0059 9.7763 1.3926 8.054 8.3426 8.9172 5.5736 
8.9383 3.0886 9.2777 3.6915 4.7793 3.8335 8.5386 6.0492 1.6649 4.1421 0.2362 9.0027 6.869 2.0059 9.7763 1.3926 8.054 8.3426 8.9172 5.5736 
